---
startPose:
  x: 10.0
  y: 60.0
  heading: -1.5707963267948966
startTangent: -1.5707963267948966
waypoints:
- position:
    x: 0.0
    y: 40.0
  heading: 0.0
  tangent: -2.356194490192345
  interpolationType: "TANGENT"
- position:
    x: 10.0
    y: 64.0
  heading: 0.0
  tangent: 0.0
  interpolationType: "TANGENT"
- position:
    x: 60.0
    y: 60.0
  heading: 0.0
  tangent: 0.0
  interpolationType: "CONSTANT"
resolution: 0.25
version: 1
