---
startPose:
  x: 10.0
  y: -60.0
  heading: 0.0
startTangent: 3.141592653589793
waypoints:
- position:
    x: 5.0
    y: -35.0
  heading: -1.0471975511965976
  tangent: -1.0471975511965976
  interpolationType: "LINEAR"
resolution: 0.25
version: 1
