---
startPose:
  x: 20.0
  y: -60.0
  heading: 0.0
startTangent: 0.0
waypoints:
- position:
    x: 5.0
    y: -35.0
  heading: -1.0471975511965976
  tangent: -4.1887902047863905
  interpolationType: "TANGENT"
resolution: 0.25
version: 1
