---
startPose:
  x: -13.0
  y: 30.0
  heading: 3.141592653589793
startTangent: 3.141592653589793
waypoints:
- position:
    x: -50.0
    y: 45.0
  heading: 0.0
  tangent: 3.141592653589793
  interpolationType: "TANGENT"
resolution: 0.25
version: 1
