---
startPose:
  x: -32.0
  y: -60.0
  heading: 1.5707963267948966
startTangent: 1.5707963267948966
waypoints:
- position:
    x: -26.0
    y: -36.0
  heading: 1.5707963267948966
  tangent: 0.7853981633974483
  interpolationType: "TANGENT"
- position:
    x: -64.0
    y: -40.0
  heading: 1.5707963267948966
  tangent: 1.5707963267948966
  interpolationType: "TANGENT"
- position:
    x: -64.0
    y: -60.0
  heading: 1.5707963267948966
  tangent: 1.5707963267948966
  interpolationType: "TANGENT"
- position:
    x: -64.0
    y: -32.0
  heading: 1.5707963267948966
  tangent: 1.5707963267948966
  interpolationType: "TANGENT"
resolution: 0.25
version: 1
