---
startPose:
  x: 10.0
  y: -60.0
  heading: 1.5707963267948966
startTangent: 1.5707963267948966
waypoints:
- position:
    x: 2.0
    y: -38.0
  heading: 2.356194490192345
  tangent: 1.5707963267948966
  interpolationType: "SPLINE"
- position:
    x: 0.0
    y: -63.0
  heading: 0.0
  tangent: -1.5707963267948966
  interpolationType: "SPLINE"
resolution: 0.25
version: 1
